vm_startup ambient pkg_native shill_sandbox c_sandbox exec grepfun
3748.1 7.22583 46.10791015625 646.749 123364 127425 0
3759.07 7.37891 46.72705078125 654.424 125386 127477 0
3758.66 7.37305 46.760009765625 650.81 125333 125373 0
3757.5 7.39014 47.203857421875 647.53 123958 127844 0
3757.63 7.39111 46.643798828125 640.112 123743 123747 0
3724.47 7.23706 46.594970703125 673.924 125096 127078 0
3758.09 7.38501 46.074951171875 650.497 122003 126047 0
3726.26 7.2251 46.14111328125 670.465 124009 126005 0
3721.98 7.2168 46.971923828125 672.43 122421 126533 0
3724.81 7.23608 46.885986328125 653.27 124689 126689 0
3758.88 7.37305 46.847900390625 658.814 122677 124742 0
3757.77 7.36401 46.422119140625 690.927 125229 125216 0
3725.82 7.22388 46.27490234375 650.47 125222 127263 0
3725.47 7.20898 46.77392578125 658.654 125708 127816 0
3758.03 7.39795 46.662109375 656.241 124203 126218 0
3758.75 7.37695 46.9189453125 672.407 122740 126787 0
3724.16 7.22314 46.467041015625 667.967 125762 125787 0
3759.4 7.36304 46.497802734375 697.853 124172 124283 0
3762.6 7.39111 Running 677.403 125566 127585 0
3735.2 7.229 46.443115234375 670.271 125651 123615 0
3757.35 7.36914 46.446044921875 656.381 123535 125546 0
3758 7.35986 46.5 674.852 125439 127593 0
3759.07 7.37402 46.4609375 654.855 121233 125238 0
3721.41 7.23706 47.031005859375 654.108 123431 125402 0
3760.91 7.36499 46.56591796875 672.28 122464 124513 0
3721.85 7.24316 46.55810546875 669.28 123230 125255 0
3755.83 7.39209 47.455810546875 664.243 124737 124857 0
3723.08 7.23901 46.7890625 646.797 124415 126494 0
3724.82 7.23096 47.06005859375 661.626 124322 124524 0
3758.46 7.3811 46.873779296875 667.688 123398 127630 0
3760.17 7.39502 46.408935546875 668.689 123011 127177 0
3737.06 7.22803 46.7919921875 658.979 120506 126570 0
3758.58 7.37085 46.503173828125 677.312 124334 126347 0
3759.3 7.33203 46.20703125 676.688 122295 126254 0
3722.85 7.21484 46.90478515625 658.131 125807 127867 0
3721.92 7.22681 46.60791015625 681.829 122564 124621 0
3758.4 7.37012 46.64599609375 652.44 124434 126469 0
3756.39 7.37305 47.27099609375 658.614 125640 127653 0
3725.57 7.23706 47.06884765625 662.806 122868 126928 0
3723.7 7.23193 46.7548828125 672.875 122309 126360 0
3721.73 7.23193 47.087158203125 661.825 124710 126878 0
3725.53 7.23804 46.55419921875 654.631 122742 124720 0
3723.97 7.23901 46.534912109375 673.777 124348 124333 0
3760.63 7.37988 46.7880859375 664.859 125493 127462 0
3721.33 7.21094 46.14697265625 676.763 125331 125293 0
3757.83 7.36401 46.537109375 659.029 121404 127423 0
3721.14 7.21387 45.96484375 666.326 122309 126354 0
3757.51 7.3689 46.297119140625 665.704 124460 126549 0
3721.84 7.23804 46.796875 668.446 124930 126973 0
3757.28 7.39404 47.27001953125 651.623 125923 127774 0
