vm_startup ambient pkg_native shill_sandbox c_sandbox exec grepfun
3126.33 1.75293 25.280029296875 761.725 116082 117644 0
3102.01 1.70996 25.2099609375 741.292 114928 116630 0
3128.35 1.73706 26.2119140625 869.431 116750 118618 0
3096.8 1.71509 25.06396484375 780.722 117010 118867 0
3123.4 1.74194 25.2080078125 740.381 115942 117469 0
3095.28 1.71118 24.96484375 750.342 115939 117653 0
3126.11 1.74097 25.576171875 742.866 117517 118960 0
3122.76 1.70605 25.712890625 737.125 115977 117637 0
3095.61 1.71094 25.330078125 750.101 117433 119038 0
3125.27 1.7439 24.8310546875 746.67 115823 117504 0
3127.42 1.74805 24.736083984375 776.487 116760 118329 0
3126.4 1.74902 25.308837890625 762.773 117438 119292 0
3126.28 1.73291 24.649169921875 721.425 116887 118510 0
3126 1.73706 24.76513671875 724.679 116868 118479 0
3097.12 1.70288 25.778076171875 724.31 117540 119315 0
3096.37 1.71704 24.678955078125 751.674 116818 118528 0
3093.41 1.70605 25.05419921875 732.267 115941 117499 0
3096.37 1.71411 25.362060546875 758.802 116822 118668 0
3125.14 1.74316 24.921142578125 789.081 116912 118576 0
3129.05 1.71289 25.544921875 750.568 116486 118119 0
3095.33 1.71802 24.838134765625 744.81 117064 118517 0
3127.28 1.75098 25.297119140625 751.113 116469 118315 0
3095.38 1.70898 25.02392578125 735.074 116895 118709 0
3128.41 1.74609 24.630126953125 731.209 116828 118434 0
3124.24 1.70996 25.015869140625 721.757 113877 115451 0
3127.33 1.74805 25.340087890625 766.745 116228 117908 0
3125.29 1.74512 24.862060546875 718.688 116785 118580 0
3125.69 1.74292 25.35595703125 762.357 115237 116890 0
3097.34 1.71509 25.9990234375 767.983 117892 119601 0
3125.35 1.74219 25.0029296875 741.014 117035 118909 0
3128.43 1.73706 25.259033203125 750.976 117321 118938 0
3095.76 1.70801 25.0029296875 723.339 116000 117446 0
3128.39 1.75 25.052978515625 745.857 117071 118600 0
3109.41 1.72095 25.26708984375 750.662 115943 117504 0
3128.61 1.75098 24.97705078125 734.856 115852 117475 0
3127.85 1.74512 25.259033203125 744.083 115874 117441 0
3126.02 1.73706 24.81201171875 734.174 116915 118536 0
3127.71 1.73999 25.343017578125 851.578 117207 118882 0
3120.69 1.73804 24.73876953125 703.897 116680 118267 0
3096.6 1.70703 24.828125 720.47 115679 117037 0
3097.05 1.71289 24.49609375 724.042 116660 118266 0
3124.07 1.74902 24.77294921875 726.29 116759 118484 0
3126.74 1.73901 24.56494140625 765.079 114702 116345 0
3124.56 1.74194 24.89501953125 727.92 114817 116560 0
3123.79 1.74194 25.532958984375 756.494 117118 118815 0
3102.15 1.71387 25.256103515625 739.942 116988 118544 0
3126.94 1.73584 25.0810546875 748.079 117044 118598 0
3128.14 1.74097 25.458984375 726.882 117106 118994 0
3126.63 1.73804 25.02490234375 781.612 115070 117034 0
3099.7 1.70996 25.049072265625 740.286 116129 117700 0
