vm_startup ambient pkg_native shill_sandbox c_sandbox exec grepfun
3108.88 5.27002 46.851806640625 1429.64 61548.5 64892 65523.1
3110.29 5.26489 47.64501953125 1418.99 61953 65393.5 65953.9
3110.58 5.26587 47.537109375 1532.09 62307.5 65836.8 66313.5
3110.1 5.26318 47.403076171875 1548.47 62250.2 65794.5 66286.9
3108.86 5.26709 47.801025390625 1446.1 62390.1 65924.7 66426.6
3110.52 5.26099 47.9580078125 1444.03 62948.1 66431.3 66914.3
3079.14 5.16113 47.134033203125 1443.63 62479.4 65914.4 66507.5
3081.61 5.1731 47.4921875 1418.81 62507.8 65885.3 66411.9
3111.08 5.27197 47.9501953125 1442.31 62734.6 66278.5 66776.3
3109.55 5.26904 47.530029296875 1439.02 62160.1 65635 66118.5
3082.03 5.1748 47.032958984375 1462.1 62500 66052.3 66554
3111.43 5.26807 47.428955078125 1549.16 61350.9 64842.6 65357.2
3114.72 5.2771 47.81201171875 1450.95 62710.6 66282.6 66811.7
3081.33 5.17798 47.4619140625 1440.39 62460.2 65925.6 66449.5
3113.27 5.27319 47.638916015625 1552.53 63131.2 66651 67152.3
3113.61 5.26709 48.52197265625 1557.53 62799.6 66308.7 66839.6
3080.35 5.177 47.788818359375 1448.94 62860.8 66447.3 66923.9
3113.09 5.26514 47.176025390625 1442.23 62294.8 65725.2 66339.4
3110.88 5.26807 47.471923828125 1451 62036.2 65635.7 66120.7
3112.38 5.26904 47.880126953125 1472.45 63198.6 66739 67235
3109.95 5.26904 47.40087890625 1584.02 62285.1 65880.5 66466.9
3108.54 5.26514 47.62890625 1412.61 62136.4 65672.9 66153.4
3083.43 5.17407 47.092041015625 1416.03 62560.1 66075.8 66590.8
3110.8 5.27002 47.740966796875 1410.84 62020.9 65365.5 65957.9
3112.26 5.27002 47.572998046875 1442.68 62274.1 65660.8 66193.7
3081.47 5.17603 47.001220703125 1471.41 62077.5 65630.3 66136.1
3079.51 5.177 47.19189453125 1445.6 62334.9 65868.3 66337.5
3235.17 5.23096 40.131103515625 1416.85 63743.4 67247.8 67744.6
3079.33 5.18481 47.490966796875 1528.8 63085.8 66554.2 67085.7
3110.82 5.271 47.885986328125 1413.71 62208.8 65591.6 66089.1
3078.66 5.17188 47.071044921875 1442.58 62957.4 66532.7 67052.6
3113.06 5.28198 47.4541015625 1448.86 62391.7 65786.2 66313.1
3111.79 5.26904 47.531005859375 1558.75 61954.3 65452.1 65961.7
3079.25 5.18115 47.01708984375 1541.5 61470.6 64959.5 65469.7
3083.98 5.1731 47.291015625 1476.62 62840.1 66446.5 66925.5
3110.94 5.26611 47.65283203125 1442.4 62322.7 65866.1 66378.4
3109.84 5.27222 47.423095703125 1425.41 62788.8 66260.4 66772
3081.71 5.17505 47.117919921875 1438.43 62990.6 66425.6 66929.8
3112.31 5.26196 47.719970703125 1436.42 62879.2 66405.7 66886.4
3111.11 5.27002 47.64697265625 1535.49 62388.9 65869 66378.6
3114.86 5.26685 47.403076171875 1486.56 62524.5 66171.9 66658
3111.65 5.271 47.468994140625 1449.14 61946.2 65476.2 65995.3
3108.48 5.25806 47.2021484375 1446.76 62365.3 65856.4 66380.9
3078.79 5.1731 46.8779296875 1392.23 61948.1 65352 65848.5
3111.45 5.27197 47.695068359375 1429.69 61508.5 65032.3 65523.2
3083.87 5.17505 47.1572265625 1450.15 61663.8 65177.7 65675.5
3111.97 5.26099 47.9501953125 1441.08 62096.5 65572.4 66080.2
3081.66 5.16309 47.302978515625 1417.68 61141.8 64570.9 65054.5
3109.9 5.26294 47.765869140625 1428.84 62503.7 66029.4 66553.6
3079.29 5.17822 47.18505859375 1410.07 62118.6 65625.1 66110
