vm_startup ambient pkg_native shill_sandbox c_sandbox exec grepfun
3716.54 7.22412 43.690185546875 665.083 121971 123835 0
3717.92 7.21606 43.85107421875 663.821 123684 125663 0
3733.88 7.22095 44.550048828125 657.449 121860 123834 0
3717.16 7.23511 44.8330078125 666.186 121952 124119 0
3752.48 7.38306 44.7021484375 660.56 122520 124601 0
3752.7 7.36792 45.158203125 651.765 122501 124540 0
3718.84 7.21509 44.2060546875 636.611 123553 125628 0
3751.7 7.36719 44.175048828125 683.916 123479 125461 0
3729.42 7.22705 44.634033203125 657.896 123807 125876 0
3744.29 7.22803 45.0029296875 651.234 122704 124670 0
3753.17 7.38013 45.01708984375 664.339 123584 125597 0
3717.89 7.22681 43.588134765625 648.484 121289 123223 0
3754.89 7.35498 44.919921875 648.98 123695 125639 0
3718.34 7.22998 45.626220703125 659.842 122888 124851 0
3753.4 7.3811 44.8740234375 670.631 124096 126128 0
3717.24 7.24097 45.172119140625 655.012 123738 125784 0
3716.14 7.21777 44.7841796875 662.787 122714 124711 0
3717.61 7.25122 45.325927734375 680.442 124284 126400 0
3737.27 7.22607 44.7978515625 684.152 123781 125869 0
3754.13 7.4021 44.745849609375 662.193 123849 125779 0
3720.37 7.3811 45.133056640625 650 123945 126072 0
3717.52 7.22412 45.27001953125 691.751 124032 126114 0
3714.64 7.23291 43.31787109375 674.589 123323 125401 0
3718.73 7.24414 44.94091796875 662.71 122912 124832 0
3718.3 7.2229 44.885009765625 675.833 122997 125052 0
3721.47 7.22803 44.69482421875 669.286 124163 126063 0
3719.18 7.24097 45.219970703125 655.862 123144 125096 0
3753.48 7.3772 44.695068359375 653.573 123955 125902 0
3716.95 7.229 45.048828125 660.921 123116 125163 0
3750.62 7.38403 45.552978515625 668.771 124016 126091 0
3755.23 7.38501 45.09814453125 670.645 123440 125530 0
3744.65 7.36597 45.48681640625 675.74 124240 126264 0
3721.77 7.24219 46.200927734375 672.201 124553 126545 0
3727.19 7.36792 43.868896484375 642.307 123456 125329 0
3722.16 7.22681 45.992919921875 652.847 123459 125451 0
3755.34 7.39404 45.596923828125 658.923 124410 126472 0
3755.39 7.37305 45.64599609375 653.696 122666 124650 0
3755.16 7.38696 46.097900390625 669.017 123410 125317 0
3756.27 7.38892 45.491943359375 644.994 124358 126415 0
3718.55 7.22803 45.47900390625 658.985 124416 126504 0
3754.72 7.36816 45.906982421875 666.197 124629 126649 0
3751.06 7.38086 45.340087890625 672.62 124562 126486 0
3717.74 7.21509 45.173095703125 653.299 124232 126201 0
3759.56 7.41504 45.568115234375 652.764 124443 126440 0
3752.35 7.35693 44.096923828125 644.839 122516 124417 0
3718.07 7.24194 45.252197265625 655.282 121331 123360 0
3718.78 7.23901 44.260009765625 630.19 122750 124648 0
3754.73 7.37915 44.35400390625 676.745 123725 125681 0
3717 7.21899 44.7470703125 663 124006 125977 0
3752.12 7.38794 44.786865234375 662.888 123369 125319 0
