vm_startup ambient pkg_native shill_sandbox c_sandbox exec grepfun
3098.41 1.7041 27.48486328125 870.166 117702 119441 0
3110.11 1.74097 26.906982421875 884.959 117414 119197 0
3101.37 1.72314 26.194091796875 865.376 116649 118467 0
3099.64 1.71802 26.27001953125 839.056 117800 119297 0
3099.39 1.71899 25.97119140625 760.404 117801 115724 0
3099.19 1.71191 26.031005859375 869.836 116786 116462 0
3130.68 1.7439 25.98388671875 839.669 117773 117339 0
3130.12 1.74487 25.98193359375 975.556 115782 117531 0
3100.19 1.71094 26.2939453125 862.263 116933 116627 0
3127.37 1.76099 25.883056640625 838.192 116627 118302 0
3129.06 1.74512 26.330078125 868.564 115843 115627 0
3130.19 1.74292 25.971923828125 874.247 115647 119734 0
3098.09 1.71704 25.742919921875 844.379 116540 118266 0
3128.07 1.73999 26.0009765625 848.322 117809 119418 0
3129.53 1.7522 25.8349609375 860.111 117843 119486 0
3129.52 1.73901 25.9169921875 855.429 114524 118255 0
3128.71 1.73779 26.06005859375 869.45 116904 118944 0
3097.51 1.71094 26.497802734375 854.984 118144 117685 0
3097.78 1.72314 25.56298828125 851.86 117541 119306 0
3129.23 1.74414 26.2158203125 878.666 117957 119722 0
3130.23 1.75293 25.585205078125 846.681 116412 118173 0
3129.6 1.75098 26.02685546875 874.377 113882 119541 0
3099.67 1.72095 26.341796875 871.962 117150 118869 0
3097.62 1.72412 26.503173828125 882.943 117871 119400 0
3099.38 1.7168 25.782958984375 913.78 116823 118526 0
3110.76 1.72412 25.825927734375 849.63 115754 117413 0
3099.62 1.70996 26.056884765625 864.885 117986 119899 0
3097.71 1.71704 26.22900390625 891.523 117061 122074 0
3131.09 1.74097 26.02001953125 851.759 115751 120676 0
3099.07 1.71704 25.73291015625 860.843 111619 117189 0
3127.88 1.74609 25.837890625 835.817 112835 116469 0
3130.84 1.74512 25.7890625 861.989 116941 118647 0
3098.62 1.72095 25.77099609375 860.936 115532 119256 0
3130.42 1.74609 25.80712890625 840.772 116656 118206 0
3129.79 1.74414 26.375 859.865 117935 119728 0
3129.72 1.75122 25.555908203125 845.958 117699 115383 0
3128.47 1.75513 25.60498046875 852.52 116596 118434 0
3129.86 1.74487 25.884033203125 842.259 117881 119783 0
3097.91 1.7229 26.122802734375 865.724 117757 119548 0
3128.06 1.74707 25.706787109375 874.622 116619 118307 0
3099.51 1.71289 26.0478515625 848.977 117747 119511 0
3098.08 1.72095 26.242919921875 836.607 118067 120011 0
3132.84 1.75415 25.60205078125 880.685 115531 119184 0
3099.67 1.72192 25.857177734375 877.84 113691 117406 0
3099.04 1.71216 26.1220703125 868.202 116804 114660 0
3097.52 1.72412 25.830810546875 873.366 116629 118349 0
3131.49 1.73804 26.092041015625 853.96 117984 120133 0
3099.8 1.71313 26.4580078125 854.997 118189 119960 0
3129.51 1.74414 26.35009765625 861.582 116962 118836 0
3098.67 1.71899 26.0009765625 858.985 112745 115655 0
