vm_startup ambient pkg_native shill_sandbox c_sandbox exec grepfun
3103.11 1.85498 36.98291015625 1734.73 62247.3 65307.3 65395.3
3102.75 1.85498 37.492919921875 1708.72 62431.8 65483.5 65567
3103.86 1.86084 37.575927734375 1975.58 62408.6 65450.2 65546
3097.77 1.85181 37.7490234375 1885.55 62569 65488.5 65571.6
3102.83 1.85498 37.218017578125 2020.46 62010.7 65236.5 65296.1
3102.69 1.854 37.012939453125 1773.27 62407.1 65311.9 65534.7
3100.47 1.85181 36.7939453125 1923.39 61655.6 64897.1 64979
3097.32 1.85693 36.785888671875 1777.4 61844.9 64600.8 64707.6
3100.21 1.85596 37.22509765625 1898.93 62862.7 66157.4 66232.4
3102.41 1.85718 37.527099609375 1734.15 63185 66077.4 66164.9
3071.72 1.82788 37.158935546875 1764.68 62526.2 65321.5 65391.4
3075.66 1.82397 37.285888671875 1903.65 62056.2 65163.5 65254.1
3098.75 1.85303 37.2119140625 1896.38 62187.8 65374.4 65465.5
3100.4 1.8479 37.069091796875 1773.24 61305.1 64101.1 64171.6
3101.33 1.854 37.657958984375 1769.93 61312.6 64053.3 64142.1
3102.72 1.85986 36.930908203125 1723.02 60939.1 63683.6 63774.3
3097.92 1.85596 36.739013671875 1757.11 60963.4 63892.4 63959.5
3071.69 1.83008 36.93017578125 1864.1 61447.4 64526.7 64589.4
3075.86 1.82397 36.2880859375 1816.81 60522.3 63416.6 63495.2
3097.74 1.854 37.0439453125 1827.07 61844.8 64897.1 64969.4
3100.67 1.84204 37.410888671875 1761.44 61703.8 64719.2 64972.2
3099.92 1.8501 37.218994140625 2007.65 62249.8 65320.4 65404.2
3074.58 1.82983 37.025146484375 1726.64 61990.4 64988 65119.9
3102.12 1.85205 37.050048828125 1791.8 61566.9 64516.4 64612.1
3099.71 1.85181 36.78515625 1703.62 60579 63658.1 63720.7
3074.09 1.823 36.426025390625 2153.02 60879.6 64078.4 64146.9
3069.79 1.82617 36.26611328125 1762.26 61126.4 64056.3 64135.9
3070.33 1.8291 36.494873046875 1772.17 60963.8 64020.9 64266.7
3101.98 1.854 36.93212890625 1864.04 61268.8 64191.3 64282.2
3072.96 1.823 36.6171875 1732.26 61147.8 63926.4 64054.8
3103.08 1.85596 36.56005859375 1819.41 60352.6 63186.5 63330.5
3099.55 1.85083 36.94091796875 1806.75 61037.1 63952.4 64033.5
3069.7 1.82812 37.504150390625 1774.02 62310.9 65334.1 65428.7
3101.22 1.85693 37.0830078125 1752.85 62492.5 65314.8 65427.3
3096.1 1.85889 37.071044921875 1711.96 61687.7 64636.7 64735.8
3098.2 1.85889 37.198974609375 1835.93 62067.2 65126 65213.7
3101.3 1.85498 37.154052734375 2019.28 61131 64139.8 64231.3
3103.21 1.86108 37.56005859375 1737.56 63020.4 65945.2 66066.7
3097.75 1.85791 38.037841796875 1732.8 62173.7 65242.3 65328.4
3096.36 1.85498 37.203857421875 1933.94 62239.1 65349.2 65398.9
3101.43 1.86011 37.14794921875 1923.1 61610.2 64548.9 64637.7
3100.07 1.85303 37.159912109375 1755.84 61708.8 64752.1 64862.5
3068.14 1.8252 37.42919921875 1897.1 62136.2 65185.8 65274.7
3100.49 1.85913 36.822998046875 1734.16 61337 64223.9 64304
3101.36 1.85303 37.028076171875 1871.08 61822.9 64755.5 64857.4
3098.68 1.85205 37.633056640625 1861.05 61952.3 64865 64920.9
3072.5 1.82104 36.72900390625 1849.45 62225.7 65162.8 65250
3103.06 1.85498 37.344970703125 1729.68 62041.8 65052.4 65135.7
3074.05 1.81592 36.590087890625 1736.38 61599.6 64763.4 64853.6
3099.03 1.84717 37.046142578125 1732.57 61226.1 63979 64054
